DOC_TYPE_ID_ROOT=2.16.840.1.113883.1.3
DOC_TYPE_ID_EXTENSION=POCD_HD000040
DOC_SET_ID_EXTENSION=180340024
        
OID_LOINC = 2.16.840.1.113883.6.1
OID_SNOMED_CT = 2.16.840.1.113883.6.96
OID_CONFIDENTIAL_CODE = 2.16.840.1.113883.5.25
OID_HSBA = 2.16.840.1.113883.3.6000.3.1
OID_IDHIS = 2.16.840.1.113883.3.6000.1.9
OID_DINHDANHYTEQUOCGIA = 2.16.840.1.113883.3.6000.1.6
OID_CMND_HOCHIEU = 2.16.840.1.113883.3.6000.1.7
OID_DM_SO_BHYT = 2.16.840.1.113883.3.6000.1.8
OID_DM_MA_BENH = 2.16.840.1.113883.3.6000.6.3

OID_DM_LOAI_BENH_AN = 2.16.840.1.113883.3.6000.2.10
OID_DM_GIOI_TINH = "2.16.840.1.113883.3.6000.5.1"
OID_PATIENT_AGE=
CDA_SIGNATURE_CODE=

TKBA_DS_PHAUTHUATTHUTHUAT_TITLE=